[#Total#]
LR=40918.0291038657
TC=51
FU=7216630
FD=1943914

[44_bass1]
TC=44
LC=41000.9509494329
FU=1298590
FD=1900059

[43]
TC=1
LC=40975.449149919
FD=41366

[46]
TC=1
LC=40997.4542087268
FD=2489

[27]
TC=5
LC=41000.4538051736
FU=5918040
