[#Total#]
LR=40918.0291038657
TC=29
FU=946816
FD=400691

[44_bass1]
TC=28
LC=40975.4643098958
FU=946816
FD=359325

[43]
TC=1
LC=40975.449149919
FD=41366
