[#Total#]
LR=40918.0291038657
TC=30
FU=972863
FD=400691

[44_bass1]
TC=29
LC=40982.7337012847
FU=972863
FD=359325

[43]
TC=1
LC=40975.449149919
FD=41366
