[#Total#]
LR=40918.0291038657
TC=60
FU=7758205
FD=4431364

[44_bass1]
TC=53
LC=41011.4871335764
FU=1840165
FD=4387509

[43]
TC=1
LC=40975.449149919
FD=41366

[46]
TC=1
LC=40997.4542087268
FD=2489

[27]
TC=5
LC=41000.4538051736
FU=5918040
