[#Total#]
LR=40918.0291038657
TC=36
FU=1139350
FD=457210

[44_bass1]
TC=35
LC=40990.6988591551
FU=1139350
FD=415844

[43]
TC=1
LC=40975.449149919
FD=41366
