[#Total#]
LR=40918.0291038657
TC=11
FU=285474
FD=327581

[44_bass1]
TC=11
LC=40926.7719599884
FU=285474
FD=327581
