[#Total#]
LR=40918.0291038657
TC=14
FU=440828
FD=327581

[44_bass1]
TC=14
LC=40940.3765062384
FU=440828
FD=327581
