[#Total#]
LR=40918.0291038657
TC=7
FU=250551
FD=225427

[44_bass1]
TC=7
LC=40921.7864258912
FU=250551
FD=225427
