[#Total#]
LR=40918.0291038657
TC=39
FU=1215702
FD=457210

[44_bass1]
TC=38
LC=40992.4617596181
FU=1215702
FD=415844

[43]
TC=1
LC=40975.449149919
FD=41366
