[#Total#]
LR=40918.0291038657
TC=47
FU=7133742
FD=1943914

[44_bass1]
TC=41
LC=40998.7047366898
FU=1215702
FD=1900059

[43]
TC=1
LC=40975.449149919
FD=41366

[46]
TC=1
LC=40997.4542087268
FD=2489

[27]
TC=4
LC=40999.6523071528
FU=5918040
