[#Total#]
LR=40918.0291038657
TC=21
FU=674857
FD=359325

[44_bass1]
TC=21
LC=40950.1416338194
FU=674857
FD=359325
