[#Total#]
LR=40918.0291038657
TC=24
FU=903659
FD=359325

[44_bass1]
TC=24
LC=40973.441964919
FU=903659
FD=359325
