[#Total#]
LR=40918.0291038657
TC=35
FU=1038645
FD=457210

[44_bass1]
TC=34
LC=40988.4049429398
FU=1038645
FD=415844

[43]
TC=1
LC=40975.449149919
FD=41366
