[#Total#]
LR=40918.0291038657
TC=15
FU=448923
FD=327581

[44_bass1]
TC=15
LC=40941.6697420949
FU=448923
FD=327581
