[#Total#]
LR=40918.0291038657
TC=3
FU=75007
FD=3338

[44_bass1]
TC=3
LC=40920.7000073148
FU=75007
FD=3338
