[#Total#]
LR=40918.0291038657
TC=32
FU=977516
FD=454696

[44_bass1]
TC=31
LC=40986.4636563542
FU=977516
FD=413330

[43]
TC=1
LC=40975.449149919
FD=41366
