[#Total#]
LR=40918.0291038657
TC=22
FU=689620
FD=359325

[44_bass1]
TC=22
LC=40954.7433777431
FU=689620
FD=359325
