[#Total#]
LR=40918.0291038657
TC=31
FU=972863
FD=454696

[44_bass1]
TC=30
LC=40983.5236644213
FU=972863
FD=413330

[43]
TC=1
LC=40975.449149919
FD=41366
