[#Total#]
LR=40918.0291038657
TC=40
FU=1215702
FD=1413093

[44_bass1]
TC=39
LC=40996.4760909491
FU=1215702
FD=1371727

[43]
TC=1
LC=40975.449149919
FD=41366
